   9.9999160000000003e+01
   9.9999896666666672e+01
   9.9999930000000006e+01
   9.9999453333333335e+01
   9.9999369999999999e+01
   9.9999560000000002e+01
   9.9999933333333331e+01
   9.9999093333333334e+01
   9.9999120000000005e+01
   9.9999076666666667e+01
   9.9999593333333337e+01
   9.9999089999999995e+01
   9.9999663333333331e+01
   9.9999096666666674e+01
   9.9999373333333338e+01
   9.9998153333333335e+01
   9.9996623333333332e+01
   9.9990946666666673e+01
   9.9975186666666673e+01
   9.9940619999999996e+01
   9.9873683333333332e+01
   9.9753163333333333e+01
   9.9546943333333331e+01
   9.9240583333333333e+01
   9.8800899999999999e+01
   9.8209103333333331e+01
   9.7455523333333332e+01
   9.6550420000000003e+01
   9.5487257142857146e+01
   9.4303139999999999e+01
   9.3020394285714289e+01
   9.1607122857142855e+01
   9.0176751428571436e+01
   8.8573542857142854e+01
   8.6878827500000000e+01
   8.5070137142857149e+01
   8.3117147500000002e+01
   8.0850871428571423e+01
   7.8141657499999994e+01
   7.3874031111111108e+01
   6.3274406666666664e+01
   4.7162396363636361e+01
   3.8045428000000001e+01
   3.5139355000000002e+01
   3.4063122857142858e+01
   3.3730362857142858e+01
   3.3472054285714286e+01
   3.3337205714285716e+01
   3.3233854285714287e+01
   3.3211348571428573e+01
   3.3189632500000002e+01
   3.3139097142857146e+01
   3.3159074285714283e+01
   3.3151685714285712e+01
   3.3105145714285712e+01
   3.3122754285714286e+01
   3.3103954999999999e+01
   3.3129451428571429e+01
   3.3108899999999998e+01
   3.3106777500000000e+01
   3.3106602857142860e+01
   3.3076437142857145e+01
   3.3111462857142854e+01
   3.3114737142857145e+01
   3.3108182857142857e+01
   3.3110637142857144e+01
   3.3133851428571425e+01
   3.3122194285714286e+01
   3.3135471428571428e+01
   3.3143439999999998e+01
   3.3103140000000003e+01
   3.3134054285714285e+01
   3.3102428571428568e+01
   3.3126365714285711e+01
   3.3141411428571431e+01
   3.3108651428571427e+01
   3.3118060000000000e+01
   3.3145125714285712e+01
   3.3080711428571426e+01
   3.3091160000000002e+01
   3.3127251428571427e+01
   3.3127574285714289e+01
   3.3115931428571429e+01
   3.3091554285714288e+01
   3.3091565714285714e+01
   3.3095077142857143e+01
   3.3103091428571432e+01
   3.3123197142857144e+01
   3.3106617142857139e+01
   3.3107951428571425e+01
   3.3075740000000003e+01
   3.3133857142857146e+01
   3.3109132500000001e+01
   3.3088720000000002e+01
   3.3113477142857143e+01
   3.3092192500000003e+01
   3.3113199999999999e+01
   3.3138865714285714e+01
   3.3108580000000003e+01
   3.3105085714285714e+01
   3.3087274999999998e+01
