   9.9801325000000006e+01
   9.9771558333333303e+01
   9.9738524999999896e+01
   9.9701350000000005e+01
   9.9651325000000000e+01
   9.9608975000000001e+01
   9.9549466666666603e+01
   9.9490916666666607e+01
   9.9418400000000005e+01
   9.9344892857142796e+01
   9.9264274999999898e+01
   9.9169691666666594e+01
   9.9067683333333306e+01
   9.8950100000000006e+01
   9.8826191666666602e+01
   9.8688350000000000e+01
   9.8534764285714203e+01
   9.8364942857142793e+01
   9.8182592857142794e+01
   9.7976849999999899e+01
   9.7762071428571403e+01
   9.7523691666666593e+01
   9.7243141666666602e+01
   9.6950792857142801e+01
   9.6645641666666606e+01
   9.6286707142857097e+01
   9.5926778571428500e+01
   9.5481475000000003e+01
   9.5016957142857095e+01
   9.4505016666666606e+01
   9.3930742857142803e+01
   9.3291907142857099e+01
   9.2617912500000003e+01
   9.1744885714285701e+01
   9.0822968750000001e+01
   8.9890400000000000e+01
   8.8620331250000007e+01
   8.7267843749999898e+01
   7.6135770588235204e+01
   2.7607996428571401e+01
   2.0850927272727201e+01
   2.0096677777777700e+01
   1.9885962500000002e+01
   1.9866033333333299e+01
   1.9813681249999899e+01
   1.9792272222222199e+01
   1.9776005555555500e+01
   1.9803181250000002e+01
   1.9731212500000002e+01
   1.9776824999999899e+01
   1.9745112500000001e+01
   1.9728505555555500e+01
   1.9772555555555499e+01
   1.9745105555555501e+01
   1.9735088888888800e+01
   1.9790761111111099e+01
   1.9749375000000001e+01
   1.9706611111111101e+01
   1.9713850000000001e+01
   1.9745155555555499e+01
   1.9700375000000001e+01
   1.9755450000000000e+01
   1.9702200000000001e+01
   1.9739743749999899e+01
   1.9742244444444399e+01
   1.9707033333333300e+01
   1.9729466666666600e+01
   1.9669325000000001e+01
   1.9714868750000001e+01
   1.9666612499999900e+01
   1.9737083333333299e+01
   1.9743811111111100e+01
   1.9729293750000000e+01
   1.9747637500000000e+01
   1.9740944444444398e+01
   1.9760568750000001e+01
   1.9743800000000000e+01
   1.9728661111111101e+01
   1.9673283333333298e+01
   1.9761362500000001e+01
   1.9712283333333300e+01
   1.9733672222222200e+01
   1.9759055555555499e+01
   1.9708877777777701e+01
   1.9735033333333298e+01
   1.9818999999999900e+01
   1.9680727777777701e+01
   1.9704316666666600e+01
   1.9732156249999900e+01
   1.9722122222222200e+01
   1.9787211111111102e+01
   1.9724125000000001e+01
   1.9763661111111102e+01
   1.9732394444444399e+01
   1.9683630000000001e+01
   1.9780516666666600e+01
   1.9714527777777700e+01
   1.9704277777777701e+01
   1.9748616666666599e+01
   1.9764277777777700e+01
   1.9732905555555501e+01
